[TYPE] CODON 1

[MODEL]    M311
  [submodel]     2 0.5 0.4 0.1 0.5 0.9
  [indelrate]    0
  [statefreq]    0.00059203083943130713 0.00236812335772522854 0.00152166850166187730 0.00608667400664750918 0.01616871162420330937 0.06467484649681323750 0.01616871162420330937 0.06467484649681323750 0.00039959028400391345 0.00159836113601565378 0.00000000000000000000 0.00000000000000000000 0.00335769531436110351 0.01343078125744441402 0.00000000000000000000 0.00072082708678858397 0.00152166850166187730 0.00608667400664750918 0.00152166850166187730 0.00608667400664750918 0.00378792239491834194 0.01515168957967336777 0.00378792239491834194 0.01515168957967336777 0.00037625748105136233 0.00150502992420544933 0.00072345439447693951 0.00289381757790775802 0.00078595230967966974 0.00314380923871867895 0.00078595230967966974 0.00314380923871867895 0.00120881396814559168 0.00483525587258236671 0.00120881396814559168 0.00312574976223030506 0.00632479484230621947 0.02529917936922487787 0.00632479484230621947 0.02529917936922487787 0.00092532370425104315 0.00370129481700417259 0.00057344293569309393 0.00229377174277237573 0.01616871162420330937 0.06467484649681323750 0.00078595230967966974 0.00314380923871867895 0.00580867177101739105 0.02323468708406956421 0.00580867177101739105 0.02323468708406956421 0.03923440309739004844 0.15693761238956019377 0.03923440309739004844 0.15693761238956019377 0.00067147422467760359 0.00268589689871041436 0.00094032731514942535 0.00376130926059770141 0.01173996492871358203 0.04695985971485432814 0.01173996492871358203 0.04695985971485432814


[MODEL]    M312
  [submodel]     2 0.5 0.4 0.1 0.5 0.9
  [indelrate]    0
  [statefreq]    0.00196923568129237989 0.00787694272516951954 0.01233372037171503663 0.04933488148686014652 0.00577063647170475945 0.02308254588681903779 0.00577063647170475945 0.02308254588681903779 0.00149683248598685798 0.00598732994394743194 0.00000000000000000000 0.00000000000000000000 0.00163074049039188605 0.00652296196156754420 0.00000000000000000000 0.00196770490605088820 0.01233372037171503663 0.04933488148686014652 0.01233372037171503663 0.04933488148686014652 0.00243255091670126688 0.00973020366680506753 0.00243255091670126688 0.00973020366680506753 0.00173099896290771242 0.00692399585163084967 0.00480173123167857742 0.01920692492671430968 0.00456178944482830192 0.01824715777931320768 0.00456178944482830192 0.01824715777931320768 0.01161602493843169256 0.04646409975372677026 0.01161602493843169256 0.01908117792250003594 0.01178670463993794666 0.04714681855975178665 0.01178670463993794666 0.04714681855975178665 0.00232382304218076889 0.00929529216872307558 0.00475442279221938505 0.01901769116887754019 0.00577063647170475945 0.02308254588681903779 0.00456178944482830192 0.01824715777931320768 0.01750618801165361449 0.07002475204661445796 0.01750618801165361449 0.07002475204661445796 0.01119856287687060956 0.04479425150748243822 0.01119856287687060956 0.04479425150748243822 0.00169916951819340674 0.00679667807277362698 0.00457271770407354904 0.01829087081629419617 0.00151243492208808471 0.00604973968835233883 0.00151243492208808471 0.00604973968835233883


[MODEL]    M313
  [submodel]     2 0.5 0.4 0.1 0.5 0.9
  [indelrate]    0
  [statefreq]    0.00141061348610652267 0.00564245394442609068 0.01428460897007142495 0.05713843588028569981 0.00055876445992015383 0.00223505783968061533 0.00055876445992015383 0.00223505783968061533 0.00041952829429144518 0.00167811317716578070 0.00000000000000000000 0.00000000000000000000 0.00087960176641426044 0.00351840706565704174 0.00000000000000000000 0.00053231168993197835 0.01428460897007142495 0.05713843588028569981 0.01428460897007142495 0.05713843588028569981 0.00033271843166709190 0.00133087372666836762 0.00033271843166709190 0.00133087372666836762 0.00014392463473468568 0.00057569853893874273 0.00018506487463897385 0.00074025949855589541 0.00021992276509247795 0.00087969106036991181 0.00021992276509247795 0.00087969106036991181 0.03929179457286588462 0.15716717829146353846 0.03929179457286588462 0.01084633241152029894 0.00285403189516226802 0.01141612758064907210 0.00285403189516226802 0.01141612758064907210 0.00018542159225730151 0.00074168636902920604 0.00021073541169450017 0.00084294164677800067 0.00055876445992015383 0.00223505783968061533 0.00021992276509247795 0.00087969106036991181 0.04345828690933549454 0.17383314763734197816 0.04345828690933549454 0.17383314763734197816 0.00393123644693037406 0.01572494578772149626 0.00393123644693037406 0.01572494578772149626 0.00007564551422653894 0.00030258205690615576 0.00022001369070238789 0.00088005476280955154 0.00025056623788065867 0.00100226495152263466 0.00025056623788065867 0.00100226495152263466


[MODEL]    M314
  [submodel]     2 0.5 0.4 0.1 0.5 0.9
  [indelrate]    0
  [statefreq]    0.00035180042950615052 0.00140720171802460208 0.00073089752183223085 0.00292359008732892339 0.01127252510216314452 0.04509010040865257807 0.01127252510216314452 0.04509010040865257807 0.00097926740736378553 0.00391706962945514211 0.00000000000000000000 0.00000000000000000000 0.00052686731827229685 0.00210746927308918738 0.00000000000000000000 0.00060614626067380644 0.00073089752183223085 0.00292359008732892339 0.00073089752183223085 0.00292359008732892339 0.00151790184902615569 0.00607160739610462276 0.00151790184902615569 0.00607160739610462276 0.00522900218594893763 0.02091600874379575051 0.00533064402494131707 0.02132257609976526830 0.00378148654561459617 0.01512594618245838470 0.00378148654561459617 0.01512594618245838470 0.00035762111519670891 0.00143048446078683565 0.00035762111519670891 0.00126504576232649860 0.00424376243387008731 0.01697504973548034923 0.00424376243387008731 0.01697504973548034923 0.03062391646369084022 0.12249566585476336089 0.00679575438195967850 0.02718301752783871400 0.01127252510216314452 0.04509010040865257807 0.00378148654561459617 0.01512594618245838470 0.00062324121995889004 0.00249296487983556017 0.00062324121995889004 0.00249296487983556017 0.00572383810662486017 0.02289535242649944069 0.00572383810662486017 0.02289535242649944069 0.03269993296656124870 0.13079973186624499482 0.01262758755726262061 0.05051035022905048244 0.01622981439693355413 0.06491925758773421651 0.01622981439693355413 0.06491925758773421651


[MODEL]    M315
  [submodel]     2 0.5 0.4 0.1 0.5 0.9
  [indelrate]    0
  [statefreq]    0.00713703006078549897 0.02854812024314199587 0.04324165215443510207 0.17296660861774040829 0.00050260289115873458 0.00201041156463493834 0.00050260289115873458 0.00201041156463493834 0.00140860760483741201 0.00563443041934964806 0.00000000000000000000 0.00000000000000000000 0.00068531892501134213 0.00274127570004536851 0.00000000000000000000 0.00267678012319053906 0.04324165215443510207 0.17296660861774040829 0.04324165215443510207 0.17296660861774040829 0.00047520829046141373 0.00190083316184565493 0.00047520829046141373 0.00190083316184565493 0.00039030642489507815 0.00156122569958031259 0.00081303604455741716 0.00325214417822966865 0.00060693333246420996 0.00242773332985683982 0.00060693333246420996 0.00242773332985683982 0.01588732334349715614 0.06354929337398862454 0.01588732334349715614 0.04682494527358278813 0.00128278985283749561 0.00513115941134998244 0.00128278985283749561 0.00513115941134998244 0.00024229416019856006 0.00096917664079424024 0.00042404750784397449 0.00169619003137589795 0.00050260289115873458 0.00201041156463493834 0.00060693333246420996 0.00242773332985683982 0.00942657635299687553 0.03770630541198750213 0.00942657635299687553 0.03770630541198750213 0.00180528151441880958 0.00722112605767523830 0.00180528151441880958 0.00722112605767523830 0.00009513443084897984 0.00038053772339591936 0.00024225419912485369 0.00096901679649941477 0.00028178019737112967 0.00112712078948451868 0.00028178019737112967 0.00112712078948451868


[MODEL]    M316
  [submodel]     2 0.5 0.4 0.1 0.5 0.9
  [indelrate]    0
  [statefreq]    0.00032184235914097382 0.00128736943656389529 0.00194681522673236266 0.00778726090692945065 0.00778960845372312759 0.03115843381489251038 0.00778960845372312759 0.03115843381489251038 0.00056077391623042690 0.00224309566492170761 0.00000000000000000000 0.00000000000000000000 0.00020529434197671809 0.00082117736790687237 0.00000000000000000000 0.00057230997957610145 0.00194681522673236266 0.00778726090692945065 0.00194681522673236266 0.00778726090692945065 0.00413750869076891237 0.01655003476307564947 0.00413750869076891237 0.01655003476307564947 0.00226682042227022325 0.00906728168908089299 0.01214981018248753250 0.04859924072995013000 0.00487383416477188674 0.01949533665908754695 0.00487383416477188674 0.01949533665908754695 0.00094566268023068081 0.00378265072092272324 0.00094566268023068081 0.00271171818771479695 0.00590803031756443730 0.02363212127025774920 0.00590803031756443730 0.02363212127025774920 0.00560722948488477299 0.02242891793953909196 0.00937095433190911556 0.03748381732763646224 0.00778960845372312759 0.03115843381489251038 0.00487383416477188674 0.01949533665908754695 0.00250588471967484912 0.01002353887869939647 0.00250588471967484912 0.01002353887869939647 0.01531592573117562806 0.06126370292470251222 0.01531592573117562806 0.06126370292470251222 0.02264608866490221833 0.09058435465960887334 0.03651267301829200229 0.14605069207316800917 0.00450071998706062619 0.01800287994824250476 0.00450071998706062619 0.01800287994824250476


[MODEL]    M317
  [submodel]     2 0.5 0.4 0.1 0.5 0.9
  [indelrate]    0
  [statefreq]    0.00819297773363406555 0.03277191093453626219 0.00858352722583376367 0.03433410890333505466 0.00720809488406147069 0.02883237953624588276 0.00720809488406147069 0.02883237953624588276 0.01458239451183265638 0.05832957804733062551 0.00000000000000000000 0.00000000000000000000 0.00188172405027057957 0.00752689620108231826 0.00000000000000000000 0.01017539722429504183 0.00858352722583376367 0.03433410890333505466 0.00858352722583376367 0.03433410890333505466 0.00190995903678364701 0.00763983614713458804 0.00190995903678364701 0.00763983614713458804 0.02037157660937468501 0.08148630643749874003 0.00967009446353993447 0.03868037785415973789 0.00877409205332872234 0.03509636821331488937 0.00877409205332872234 0.03509636821331488937 0.00246046980565649926 0.00984187922262599706 0.00246046980565649926 0.01088080789240295117 0.00485959741146457878 0.01943838964585831511 0.00485959741146457878 0.01943838964585831511 0.00938514820522316079 0.03754059282089264316 0.00576982697554997981 0.02307930790219991923 0.00720809488406147069 0.02883237953624588276 0.00877409205332872234 0.03509636821331488937 0.00351218922948301612 0.01404875691793206448 0.00351218922948301612 0.01404875691793206448 0.00686201281499050630 0.02744805125996202522 0.00686201281499050630 0.02744805125996202522 0.00390912047728985898 0.01563648190915943592 0.00509915857666978171 0.02039663430667912683 0.00299475706568620671 0.01197902826274482684 0.00299475706568620671 0.01197902826274482684


[MODEL]    M318
  [submodel]     2 0.5 0.4 0.1 0.5 0.9
  [indelrate]    0
  [statefreq]    0.06077892274616826518 0.24311569098467306071 0.01126170370426983133 0.04504681481707932533 0.00157896866217358835 0.00631587464869435341 0.00157896866217358835 0.00631587464869435341 0.05951161639489054023 0.23804646557956216091 0.00000000000000000000 0.00000000000000000000 0.00175363520684264189 0.00701454082737056756 0.00000000000000000000 0.03393142335411714061 0.01126170370426983133 0.04504681481707932533 0.01126170370426983133 0.04504681481707932533 0.00051872754523714175 0.00207491018094856702 0.00051872754523714175 0.00207491018094856702 0.00610600100419186539 0.02442400401676746158 0.00066928219206633614 0.00267712876826534454 0.00084884637858597312 0.00339538551434389246 0.00084884637858597312 0.00339538551434389246 0.00311612369102483170 0.01246449476409932679 0.00311612369102483170 0.00955784796332317249 0.00122713512041947481 0.00490854048167789925 0.00122713512041947481 0.00490854048167789925 0.00106560894412435964 0.00426243577649743858 0.00044439401351005080 0.00177757605404020320 0.00157896866217358835 0.00631587464869435341 0.00084884637858597312 0.00339538551434389246 0.00343502146906079229 0.01374008587624316914 0.00343502146906079229 0.01374008587624316914 0.00194086031464011841 0.00776344125856047364 0.00194086031464011841 0.00776344125856047364 0.00036195243162906346 0.00144780972651625383 0.00040371467484602873 0.00161485869938411491 0.00057781228260499206 0.00231124913041996826 0.00057781228260499206 0.00231124913041996826


[MODEL]    M319
  [submodel]     2 0.5 0.4 0.1 0.5 0.9
  [indelrate]    0
  [statefreq]    0.00045204597132222018 0.00180818388528888071 0.00352606679689489210 0.01410426718757956839 0.00557419257420379601 0.02229677029681518402 0.00557419257420379601 0.02229677029681518402 0.00075592561943242534 0.00302370247772970136 0.00000000000000000000 0.00000000000000000000 0.00060757853247634145 0.00243031412990536580 0.00000000000000000000 0.00116033401030839959 0.00352606679689489210 0.01410426718757956839 0.00352606679689489210 0.01410426718757956839 0.00162028153084162164 0.00648112612336648655 0.00162028153084162164 0.00648112612336648655 0.00383738912796687415 0.01534955651186749662 0.01266905759568251119 0.05067623038273004477 0.02352169370335880499 0.09408677481343521998 0.02352169370335880499 0.09408677481343521998 0.00148792338238856476 0.00595169352955425904 0.00148792338238856476 0.00572412328215823017 0.00534605296946989283 0.02138421187787957131 0.00534605296946989283 0.02138421187787957131 0.00494515012383719282 0.01978060049534877129 0.02619896757652859925 0.10479587030611439702 0.00557419257420379601 0.02229677029681518402 0.02352169370335880499 0.09408677481343521998 0.00227353868533378177 0.00909415474133512709 0.00227353868533378177 0.00909415474133512709 0.00723604082490597513 0.02894416329962390053 0.00723604082490597513 0.02894416329962390053 0.00272499260578451920 0.01089997042313807681 0.00791775880864286144 0.03167103523457144576 0.00295552363824591558 0.01182209455298366234 0.00295552363824591558 0.01182209455298366234


[MODEL]    M3110
  [submodel]     2 0.5 0.4 0.1 0.5 0.9
  [indelrate]    0
  [statefreq]    0.00046107081603442547 0.00184428326413770189 0.00137664116251654868 0.00550656465006619470 0.02582701842410006429 0.10330807369640025717 0.02582701842410006429 0.10330807369640025717 0.00057911684228434586 0.00231646736913738343 0.00000000000000000000 0.00000000000000000000 0.00097494559821896185 0.00389978239287584738 0.00000000000000000000 0.00069444501697165208 0.00137664116251654868 0.00550656465006619470 0.00137664116251654868 0.00550656465006619470 0.00375162116730418972 0.01500648466921675889 0.00375162116730418972 0.01500648466921675889 0.00163464565209922412 0.00653858260839689648 0.00335989102246202556 0.01343956408984810225 0.00320540508327843117 0.01282162033311372469 0.00320540508327843117 0.01282162033311372469 0.00091954469218477554 0.00367817876873910215 0.00091954469218477554 0.00325441786186829451 0.01826070335625081670 0.07304281342500326679 0.01826070335625081670 0.07304281342500326679 0.00742579915636869866 0.02970319662547479464 0.00418498534227906317 0.01673994136911625269 0.02582701842410006429 0.10330807369640025717 0.00320540508327843117 0.01282162033311372469 0.00193673840584342974 0.00774695362337371896 0.00193673840584342974 0.00774695362337371896 0.01133256230417955743 0.04533024921671822971 0.01133256230417955743 0.04533024921671822971 0.00411737000218949985 0.01646948000875799942 0.00361001701114497912 0.01444006804457991650 0.00498424393684399232 0.01993697574737596928 0.00498424393684399232 0.01993697574737596928


[MODEL]    M321
  [submodel]     2 0.5 0.4 0.1 0.5 0.9
  [indelrate]    0
  [statefreq]    0.00236636867342315468 0.00059159216835578867 0.00608216402565498002 0.00152054100641374457 0.06462692503296010860 0.01615673125824002715 0.06462692503296010860 0.01615673125824002368 0.00159717681460551158 0.00039929420365137790 0.00000000000000000000 0.00000000000000000000 0.01342082958792511008 0.00335520739698127752 0.00000000000000000000 0.00018007324571658718 0.00608216402565498002 0.00152054100641374501 0.00608216402565498002 0.00152054100641374457 0.01514046278620054427 0.00378511569655013607 0.01514046278620054427 0.00378511569655013433 0.00150391475747499166 0.00037597868936874792 0.00289167337530088974 0.00072291834382522222 0.00314147980233104316 0.00078536995058276079 0.00314147980233104316 0.00078536995058276057 0.00483167314216908193 0.00120791828554227048 0.00483167314216908193 0.00078085842679736530 0.02528043369335046878 0.00632010842333761719 0.02528043369335046878 0.00632010842333761546 0.00369855230619215835 0.00092463807654803959 0.00229207215003095297 0.00057301803750773813 0.06462692503296010860 0.01615673125824002715 0.00314147980233104316 0.00078536995058276057 0.02321747111406655822 0.00580436777851663956 0.02321747111406655822 0.00580436777851663782 0.15682132792153760659 0.03920533198038440165 0.15682132792153760659 0.03920533198038438777 0.00268390675697654634 0.00067097668924413659 0.00375852228149321918 0.00093963057037330436 0.04692506434475655214 0.01173126608618913803 0.04692506434475655214 0.01173126608618913456


[MODEL]    M322
  [submodel]     2 0.5 0.4 0.1 0.5 0.9
  [indelrate]    0
  [statefreq]    0.00772960552430974283 0.00193240138107743571 0.04841207887211009669 0.01210301971802752244 0.02265078983395169693 0.00566269745848792423 0.02265078983395169693 0.00566269745848792250 0.00587533770719466785 0.00146883442679866696 0.00000000000000000000 0.00000000000000000000 0.00640095079679657217 0.00160023769919914304 0.00000000000000000000 0.00048272480969750227 0.04841207887211009669 0.01210301971802752417 0.04841207887211009669 0.01210301971802752244 0.00954820145832363520 0.00238705036458090880 0.00954820145832363520 0.00238705036458090750 0.00679448339951104017 0.00169862084987776004 0.01884766186557975190 0.00471191546639493711 0.01790584703926426796 0.00447646175981606699 0.01790584703926426796 0.00447646175981606612 0.04559499474217087317 0.01139874868554271829 0.04559499474217087317 0.00468106673572769947 0.04626494338071293622 0.01156623584517823405 0.04626494338071293622 0.01156623584517823058 0.00912142492389250020 0.00228035623097312505 0.01866196770085170806 0.00466549192521292615 0.02265078983395169693 0.00566269745848792423 0.01790584703926426796 0.00447646175981606612 0.06871494806334046967 0.01717873701583511742 0.06871494806334046967 0.01717873701583511048 0.04395638079266404874 0.01098909519816601219 0.04395638079266404874 0.01098909519816600698 0.00666954708333686655 0.00166738677083421664 0.01794874242950913329 0.00448718560737728072 0.00593658008535510439 0.00148414502133877610 0.00593658008535510439 0.00148414502133877566


[MODEL]    M323
  [submodel]     2 0.5 0.4 0.1 0.5 0.9
  [indelrate]    0
  [statefreq]    0.00508630971597931209 0.00127157742899482802 0.05150662893063599757 0.01287665723265899592 0.00201476104505440238 0.00050369026126360059 0.00201476104505440238 0.00050369026126360049 0.00151271121423382439 0.00037817780355845610 0.00000000000000000000 0.00000000000000000000 0.00317161791998319884 0.00079290447999579971 0.00000000000000000000 0.00011996119716249518 0.05150662893063599757 0.01287665723265899939 0.05150662893063599757 0.01287665723265899592 0.00119969715896075971 0.00029992428974018993 0.00119969715896075971 0.00029992428974018982 0.00051895524552253208 0.00012973881138063302 0.00066729637794744846 0.00016682409448686206 0.00079298497275988441 0.00019824624318997110 0.00079298497275988441 0.00019824624318997105 0.14167611359355686274 0.03541902839838921568 0.14167611359355686274 0.00244431795415692458 0.01029090555354471997 0.00257272638838617999 0.01029090555354471997 0.00257272638838617913 0.00066858261000593306 0.00016714565250148326 0.00075985773747359051 0.00018996443436839757 0.00201476104505440238 0.00050369026126360059 0.00079298497275988441 0.00019824624318997105 0.15669941420798072507 0.03917485355199518127 0.15669941420798072507 0.03917485355199516739 0.01417502833538342513 0.00354375708384585628 0.01417502833538342513 0.00354375708384585542 0.00027275828408721264 0.00006818957102180316 0.00079331282714215935 0.00019832820678553978 0.00090347746053842627 0.00022586936513460657 0.00090347746053842627 0.00022586936513460649


[MODEL]    M324
  [submodel]     2 0.5 0.4 0.1 0.5 0.9
  [indelrate]    0
  [statefreq]    0.00140766699514198023 0.00035191674878549506 0.00292455674303350628 0.00073113918575837635 0.04510500899757178411 0.01127625224939294603 0.04510500899757178411 0.01127625224939294256 0.00391836476919411262 0.00097959119229852815 0.00000000000000000000 0.00000000000000000000 0.00210816608664177608 0.00052704152166044402 0.00000000000000000000 0.00015158666921204095 0.00292455674303350628 0.00073113918575837657 0.00292455674303350628 0.00073113918575837635 0.00607361491212093148 0.00151840372803023287 0.00607361491212093148 0.00151840372803023222 0.02092292441205476083 0.00523073110301369021 0.02132962619543790281 0.00533240654885947483 0.01513094742467351560 0.00378273685616837890 0.01513094742467351560 0.00378273685616837803 0.00143095743610930997 0.00035773935902732749 0.00143095743610930997 0.00031636600925115279 0.01698066236521715566 0.00424516559130428892 0.01698066236521715566 0.00424516559130428805 0.12253616781661444413 0.03063404195415361103 0.02719200531962079337 0.00679800132990519574 0.04510500899757178411 0.01127625224939294603 0.01513094742467351560 0.00378273685616837803 0.00249378915363949105 0.00062344728840987276 0.00249378915363949105 0.00062344728840987265 0.02290292254487117513 0.00572573063621779378 0.02290292254487117513 0.00572573063621779291 0.13084297948413589618 0.03271074487103397405 0.05052705096914431732 0.01263176274228607412 0.06494072248835638939 0.01623518062208909735 0.06494072248835638939 0.01623518062208909388


[MODEL]    M325
  [submodel]     2 0.5 0.4 0.1 0.5 0.9
  [indelrate]    0
  [statefreq]    0.02825048231510903993 0.00706262057877725998 0.17116328767858893234 0.04279082191964721921 0.00198945134982937049 0.00049736283745734262 0.00198945134982937049 0.00049736283745734240 0.00557568678994855085 0.00139392169748713771 0.00000000000000000000 0.00000000000000000000 0.00271269561797412911 0.00067817390449353228 0.00000000000000000000 0.00066221811530476932 0.17116328767858893234 0.04279082191964723308 0.17116328767858893234 0.04279082191964721921 0.00188101539314461451 0.00047025384828615363 0.00188101539314461451 0.00047025384828615357 0.00154494862149400598 0.00038623715537350149 0.00321823786682882409 0.00080455946670720570 0.00240242218810876899 0.00060060554702719225 0.00240242218810876899 0.00060060554702719214 0.06288673906755101739 0.01572168476688775435 0.06288673906755101739 0.01158418905597712913 0.00507766280132474282 0.00126941570033118570 0.00507766280132474282 0.00126941570033118527 0.00095907216719642993 0.00023976804179910748 0.00167850583773410610 0.00041962645943352642 0.00198945134982937049 0.00049736283745734262 0.00240242218810876899 0.00060060554702719214 0.03731318577675345194 0.00932829644418836298 0.03731318577675345194 0.00932829644418836125 0.00714583980486538546 0.00178645995121634637 0.00714583980486538546 0.00178645995121634593 0.00037657030072271730 0.00009414257518067932 0.00095891398941149429 0.00023972849735287352 0.00111536961660280739 0.00027884240415070185 0.00111536961660280739 0.00027884240415070174


[MODEL]    M326
  [submodel]     2 0.5 0.4 0.1 0.5 0.9
  [indelrate]    0
  [statefreq]    0.00128688818295987569 0.00032172204573996892 0.00778434981764112265 0.00194608745441028044 0.03114678594743260434 0.00778669648685815109 0.03114678594743260434 0.00778669648685814848 0.00224225713493781580 0.00056056428373445395 0.00000000000000000000 0.00000000000000000000 0.00082087038953949747 0.00020521759738487437 0.00000000000000000000 0.00014302400864670873 0.00778434981764112265 0.00194608745441028066 0.00778434981764112265 0.00194608745441028044 0.01654384791130632248 0.00413596197782658062 0.01654384791130632248 0.00413596197782657975 0.00906389209331483377 0.00226597302332870844 0.04858107301593608124 0.01214526825398401857 0.01948804877360394566 0.00487201219340098642 0.01948804877360394566 0.00487201219340098468 0.00378123666351193799 0.00094530916587798450 0.00378123666351193799 0.00067767611848114947 0.02362328694251240521 0.00590582173562810130 0.02362328694251240521 0.00590582173562810044 0.02242053340182513510 0.00560513335045628378 0.03746980486029880680 0.00936745121507469823 0.03114678594743260434 0.00778669648685815109 0.01948804877360394566 0.00487201219340098468 0.01001979180806574637 0.00250494795201643659 0.01001979180806574637 0.00250494795201643616 0.06124080089130733845 0.01531020022282683461 0.06124080089130733845 0.01531020022282682941 0.09055049177152905970 0.02263762294288226493 0.14599609436412389063 0.03649902359103096572 0.01799614998354724660 0.00449903749588681165 0.01799614998354724660 0.00449903749588681078


[MODEL]    M327
  [submodel]     2 0.5 0.4 0.1 0.5 0.9
  [indelrate]    0
  [statefreq]    0.03304988507099710510 0.00826247126774927627 0.03462533373586379470 0.00865633343396594694 0.02907693823224957036 0.00726923455806239259 0.02907693823224957036 0.00726923455806238999 0.05882433449043888291 0.01470608362260972073 0.00000000000000000000 0.00000000000000000000 0.00759073997497471380 0.00189768499374367845 0.00000000000000000000 0.00256542645229373110 0.03462533373586379470 0.00865633343396594868 0.03462533373586379470 0.00865633343396594694 0.00770463788725722631 0.00192615947181430658 0.00770463788725722631 0.00192615947181430593 0.08217748022076069858 0.02054437005519017465 0.03900846810966748790 0.00975211702741686851 0.03539405859415645228 0.00884851464853911307 0.03539405859415645228 0.00884851464853911134 0.00992535887944327039 0.00248133971986081760 0.00992535887944327039 0.00274327495764479417 0.01960326772046282542 0.00490081693011570636 0.01960326772046282542 0.00490081693011570549 0.03785901532278643927 0.00946475383069660982 0.02327506855518848145 0.00581876713879711949 0.02907693823224957036 0.00726923455806239259 0.03539405859415645228 0.00884851464853911134 0.01416791966924099179 0.00354197991731024795 0.01416791966924099179 0.00354197991731024665 0.02768086796576114256 0.00692021699144028564 0.02768086796576114256 0.00692021699144028304 0.01576911187891208779 0.00394227796972802195 0.02056964029401481611 0.00514241007350370229 0.01208063539952815638 0.00302015884988203909 0.01208063539952815638 0.00302015884988203823


[MODEL]    M328
  [submodel]     2 0.5 0.4 0.1 0.5 0.9
  [indelrate]    0
  [statefreq]    0.24890741365296290000 0.06222685341324072500 0.04611996092893098920 0.01152999023223274383 0.00646633714753498245 0.00161658428688374561 0.00646633714753498245 0.00161658428688374518 0.24371742455888342760 0.06092935613972085690 0.00000000000000000000 0.00000000000000000000 0.00718164758610333794 0.00179541189652583449 0.00000000000000000000 0.00868494213025671619 0.04611996092893098920 0.01152999023223274730 0.04611996092893098920 0.01152999023223274383 0.00212434057468824074 0.00053108514367206019 0.00212434057468824074 0.00053108514367205997 0.02500585481027808171 0.00625146370256952043 0.00274090575982970531 0.00068522643995742622 0.00347627347007953540 0.00086906836751988385 0.00347627347007953540 0.00086906836751988342 0.01276143527247056673 0.00319035881811764168 0.01276143527247056673 0.00244638592330615086 0.00502547618854572338 0.00125636904713643084 0.00502547618854572338 0.00125636904713643063 0.00436397939060511990 0.00109099484765127997 0.00181992308431659492 0.00045498077107914862 0.00646633714753498245 0.00161658428688374561 0.00347627347007953540 0.00086906836751988342 0.01406741467395003324 0.00351685366848750831 0.01406741467395003324 0.00351685366848750788 0.00794838900314671568 0.00198709725078667892 0.00794838900314671568 0.00198709725078667849 0.00148230076400738533 0.00037057519100184633 0.00165332932913831560 0.00041333233228457874 0.00236630980514031123 0.00059157745128507781 0.00236630980514031123 0.00059157745128507759


[MODEL]    M329
  [submodel]     2 0.5 0.4 0.1 0.5 0.9
  [indelrate]    0
  [statefreq]    0.00180944972714109742 0.00045236243178527435 0.01411414105707157161 0.00352853526426789204 0.02231237943106342478 0.00557809485776585619 0.02231237943106342478 0.00557809485776585359 0.00302581925864789337 0.00075645481466197334 0.00000000000000000000 0.00000000000000000000 0.00243201550185359388 0.00060800387546339847 0.00000000000000000000 0.00029028657917853798 0.01411414105707157161 0.00352853526426789290 0.01411414105707157161 0.00352853526426789204 0.00648566331715700814 0.00162141582928925203 0.00648566331715700814 0.00162141582928925160 0.01536030216180043345 0.00384007554045010836 0.05071170691465411856 0.01267792672866352617 0.09415264144252528944 0.02353816036063132236 0.09415264144252528944 0.02353816036063131542 0.00595586008740413980 0.00148896502185103495 0.00595586008740413980 0.00143203263164914008 0.02139918216413857696 0.00534979554103464424 0.02139918216413857696 0.00534979554103464337 0.01979444815330696356 0.00494861203832674089 0.10486923397208455788 0.02621730849302113253 0.02231237943106342478 0.00557809485776585619 0.09415264144252528944 0.02353816036063131542 0.00910052121864740431 0.00227513030466185108 0.00910052121864740431 0.00227513030466185064 0.02896442602488107781 0.00724110650622026945 0.02896442602488107781 0.00724110650622026685 0.01090760108441196120 0.00272690027110299030 0.03169320694079508921 0.00792330173519877057 0.01183037075884291363 0.00295759268971072841 0.01183037075884291363 0.00295759268971072754


[MODEL]    M3210
  [submodel]     2 0.5 0.4 0.1 0.5 0.9
  [indelrate]    0
  [statefreq]    0.00184465775379459682 0.00046116443844864920 0.00550768278172556174 0.00137692069543139000 0.10332905084553202502 0.02583226271138300625 0.10332905084553202502 0.02583226271138299932 0.00231693773780967211 0.00057923443445241803 0.00000000000000000000 0.00000000000000000000 0.00390057426048028314 0.00097514356512007079 0.00000000000000000000 0.00017364650675552790 0.00550768278172556174 0.00137692069543139044 0.00550768278172556174 0.00137692069543139000 0.01500953180053560439 0.00375238295013390110 0.01500953180053560439 0.00375238295013390023 0.00653991029574580406 0.00163497757393645101 0.01344229305119731127 0.00336057326279932652 0.01282422381832272300 0.00320605595458068075 0.01282422381832272300 0.00320605595458067988 0.00367892563877359651 0.00091973140969339913 0.00367892563877359651 0.00081376967135656213 0.07305764508273723812 0.01826441127068430953 0.07305764508273723812 0.01826441127068430606 0.02970922798742946583 0.00742730699685736646 0.01674334048628098662 0.00418583512157024579 0.10332905084553202502 0.02583226271138300625 0.01282422381832272300 0.00320605595458067988 0.00774852667565956426 0.00193713166891489106 0.00774852667565956426 0.00193713166891489063 0.04533945371898001619 0.01133486342974500405 0.04533945371898001619 0.01133486342974500058 0.01647282420757911064 0.00411820605189477766 0.01444300016256456001 0.00361075004064113914 0.01994102403613525962 0.00498525600903381490 0.01994102403613525962 0.00498525600903381404


[TREE] tree1 (A:0.1,B:0.5,(C:0.1,D:0.5):0.01);
[BRANCHES] b1 (A #M311,B #M321,(C#M311,D#M321) #M311) #M311;
[BRANCHES] b2 (A #M312,B #M322,(C#M312,D#M322) #M312) #M312;
[BRANCHES] b3 (A #M313,B #M323,(C#M313,D#M323) #M313) #M313;
[BRANCHES] b4 (A #M314,B #M324,(C#M314,D#M324) #M314) #M314;
[BRANCHES] b5 (A #M315,B #M325,(C#M315,D#M325) #M315) #M315;
[BRANCHES] b6 (A #M316,B #M326,(C#M316,D#M326) #M316) #M316;
[BRANCHES] b7 (A #M317,B #M327,(C#M317,D#M327) #M317) #M317;
[BRANCHES] b8 (A #M318,B #M328,(C#M318,D#M328) #M318) #M318;
[BRANCHES] b9 (A #M319,B #M329,(C#M319,D#M329) #M319) #M319;
[BRANCHES] b10 (A #M3110,B #M3210,(C#M3110,D#M3210) #M3110) #M3110;


[PARTITIONS] modelname
  [tree1 b1 476]
  [tree1 b2 511]
  [tree1 b3 519]
  [tree1 b4 488]
  [tree1 b5 494]
  [tree1 b6 532]
  [tree1 b7 504]
  [tree1 b8 486]
  [tree1 b9 483]
  [tree1 b10 507]

[EVOLVE] modelname 1 output
