/////////////////////////////////////////////////////////////////////////////////////
//                                                                                 //
//  INDELible V1.03 control file      
//  INFORMATION!!!!!!!!!!!!!!!!!!!!!!!!!                                           //
//  The CODON frequencies in this control file are estimated from mammal exons     //
//                                                                                 //
/////////////////////////////////////////////////////////////////////////////////////

[TYPE] CODON 1

[MODEL]    M01          
  [submodel]     2  0.4     
  [indelrate]    0          
  [statefreq]    0.011746 0.015055 0.002608 0.014623 0.007954 0.010195 0.001766 0.009903 0.012426 0.015929 0     0 0.005758 0.007379 0     0.007167 0.019461 0.024944 0.004321 0.024229 0.013179 0.016892 0.002926 0.016408 0.020589 0.026390 0.004572 0.025634 0.009538 0.012226 0.002118 0.011875 0.019943 0.025562 0.004428 0.024829 0.013506 0.017311 0.002999 0.016815 0.021099 0.027044 0.004685 0.026269 0.009774 0.012529 0.002170 0.012169 0.033169 0.042516 0.007365 0.041297 0.022463 0.028792 0.004988 0.027966 0.035092 0.044980 0.007792 0.043691 0.016257 0.020838 0.003611 0.020240


[MODEL]    M02          
  [submodel]     2  0.4     
  [indelrate]    0         
  [statefreq]    0.00052435 0.00744179 0.00052435 0.00728045 0.00116905 0.01659152 0.00116905 0.01623182 0.000851 0.01207765 0 0 0.00081662 0.01158967 0 0.0113384 0.00142517 0.02022639 0.00142517 0.01978788 0.00317742 0.04509491 0.00317742 0.04411724 0.00231297 0.03282644 0.00231297 0.03211476 0.00221952 0.03150012 0.00221952 0.03081719 0.00089409 0.0126892 0.00089409 0.01241409 0.00199338 0.02829067 0.00199338 0.02767733 0.00145106 0.02059395 0.00145106 0.02014747 0.00139244 0.01976187 0.00139244 0.01933343 0.00241337 0.0342513 0.00241337 0.03350872 0.00538063 0.07636355 0.00538063 0.07470797 0.00391678 0.05558817 0.00391678 0.05438301 0.00375853 0.05334219 0.00375853 0.05218572

[MODEL]    M03          
  [submodel]     2  0.4     
  [indelrate]    0            
  [statefreq]    0.01642197 0.04314024 0.00964465 0.02046229 0.00856243 0.02249336 0.00502873 0.01066905 0.01175736 0.0308864 0 0 0.00722055 0.01896828 0 0.00899704 0.01407597 0.03697735 0.00826684 0.01753911 0.00733922 0.01928002 0.00431034 0.0091449 0.01007774 0.02647406 0.00591867 0.01255718 0.00618905 0.01625852 0.00363484 0.00771175 0.02090996 0.05493012 0.01228045 0.02605447 0.01090247 0.02864061 0.00640304 0.01358482 0.01497055 0.0393274 0.00879223 0.01865378 0.00919387 0.02415216 0.00539958 0.01145586 0.01876796 0.04930314 0.01102245 0.02338548 0.00978563 0.02570669 0.00574712 0.01219321 0.01343698 0.03529874 0.00789156 0.01674291 0.00825206 0.02167803 0.00484645 0.01028233

  
[MODEL]    M04          
  [submodel]     2  0.4     
  [indelrate]    0            
  [statefreq]    0.01088773 0.01360319 0.00769382 0.01211615 0.00770795 0.00963036 0.00544683 0.00857761 0.01013303 0.01266027 0 0 0.00574574 0.00717876 0 0.00639401 0.02075618 0.02593289 0.01466737 0.02309803 0.0146943 0.01835915 0.01038374 0.01635221 0.01931744 0.02413533 0.01365068 0.02149696 0.01095358 0.01368547 0.00774036 0.01218944 0.02050136 0.02561452 0.0144873 0.02281446 0.0145139 0.01813376 0.01025626 0.01615145 0.01908028 0.02383902 0.0134831 0.02123305 0.01081911 0.01351746 0.00764533 0.01203979 0.02721932 0.03400798 0.01923455 0.03029038 0.01926987 0.02407589 0.01361707 0.02144402 0.02533258 0.03165068 0.01790129 0.02819077 0.01436435 0.01794691 0.01015058 0.01598503


[MODEL]    M05          
  [submodel]     2  0.4     
  [indelrate]    0            
  [statefreq]    0.01210518 0.0062374 0.01261341 0.01201277 0.00930728 0.00479574 0.00969805 0.00923624 0.02318256 0.01194521 0 0 0.00850789 0.00438383 0 0.00844294 0.01254272 0.00646285 0.01306932 0.01244697 0.00964369 0.00496908 0.01004858 0.00957008 0.02402048 0.01237697 0.02502898 0.02383712 0.0088154 0.00454229 0.00918551 0.00874811 0.02318944 0.01194876 0.02416304 0.02301242 0.01782962 0.00918702 0.01857819 0.01769351 0.04440997 0.022883 0.04627451 0.04407096 0.01629824 0.00839795 0.01698252 0.01617382 0.01998084 0.01029547 0.02081973 0.01982831 0.01536263 0.00791586 0.01600762 0.01524535 0.03826519 0.0197168 0.03987174 0.03797309 0.01404314 0.00723597 0.01463273 0.01393594
  
[MODEL]    M06          
  [submodel]     2  0.4     
  [indelrate]    0           
  [statefreq]    0.01431042 0.00251944 0.01219409 0.00571073 0.01469718 0.00258753 0.01252366 0.00586507 0.01740456 0.00306418 0 0 0.02024086 0.00356353 0 0.00807734 0.02870972 0.00505453 0.02446391 0.01145693 0.02948565 0.00519114 0.0251251 0.01176658 0.03491722 0.0061474 0.02975341 0.0139341 0.04060744 0.0071492 0.03460211 0.01620485 0.01617699 0.00284806 0.01378462 0.00645561 0.01661421 0.00292504 0.01415718 0.00663008 0.01967472 0.00346386 0.01676508 0.00785141 0.02288097 0.00402834 0.01949716 0.0091309 0.03270952 0.00575872 0.0278722 0.0130531 0.03359356 0.00591436 0.0286255 0.01340588 0.03978185 0.00700385 0.03389862 0.01587539 0.04626482 0.00814521 0.03942284 0.01846249
  

[MODEL]    M31          
  [submodel]     2 0.5 0.4 0.1 0.5 0.9     
  [indelrate]    0            
  [statefreq]    0.011746 0.015055 0.002608 0.014623 0.007954 0.010195 0.001766 0.009903 0.012426 0.015929 0     0 0.005758 0.007379 0     0.007167 0.019461 0.024944 0.004321 0.024229 0.013179 0.016892 0.002926 0.016408 0.020589 0.026390 0.004572 0.025634 0.009538 0.012226 0.002118 0.011875 0.019943 0.025562 0.004428 0.024829 0.013506 0.017311 0.002999 0.016815 0.021099 0.027044 0.004685 0.026269 0.009774 0.012529 0.002170 0.012169 0.033169 0.042516 0.007365 0.041297 0.022463 0.028792 0.004988 0.027966 0.035092 0.044980 0.007792 0.043691 0.016257 0.020838 0.003611 0.020240


[MODEL]    M32          
  [submodel]     2 0.5 0.4 0.1 0.5 0.9     
  [indelrate]    0            
  [statefreq]    0.00052435 0.00744179 0.00052435 0.00728045 0.00116905 0.01659152 0.00116905 0.01623182 0.000851 0.01207765 0 0 0.00081662 0.01158967 0 0.0113384 0.00142517 0.02022639 0.00142517 0.01978788 0.00317742 0.04509491 0.00317742 0.04411724 0.00231297 0.03282644 0.00231297 0.03211476 0.00221952 0.03150012 0.00221952 0.03081719 0.00089409 0.0126892 0.00089409 0.01241409 0.00199338 0.02829067 0.00199338 0.02767733 0.00145106 0.02059395 0.00145106 0.02014747 0.00139244 0.01976187 0.00139244 0.01933343 0.00241337 0.0342513 0.00241337 0.03350872 0.00538063 0.07636355 0.00538063 0.07470797 0.00391678 0.05558817 0.00391678 0.05438301 0.00375853 0.05334219 0.00375853 0.05218572

[MODEL]    M33          
  [submodel]     2 0.5 0.4 0.1 0.5 0.9     
  [indelrate]    0            
  [statefreq]    0.01642197 0.04314024 0.00964465 0.02046229 0.00856243 0.02249336 0.00502873 0.01066905 0.01175736 0.0308864 0 0 0.00722055 0.01896828 0 0.00899704 0.01407597 0.03697735 0.00826684 0.01753911 0.00733922 0.01928002 0.00431034 0.0091449 0.01007774 0.02647406 0.00591867 0.01255718 0.00618905 0.01625852 0.00363484 0.00771175 0.02090996 0.05493012 0.01228045 0.02605447 0.01090247 0.02864061 0.00640304 0.01358482 0.01497055 0.0393274 0.00879223 0.01865378 0.00919387 0.02415216 0.00539958 0.01145586 0.01876796 0.04930314 0.01102245 0.02338548 0.00978563 0.02570669 0.00574712 0.01219321 0.01343698 0.03529874 0.00789156 0.01674291 0.00825206 0.02167803 0.00484645 0.01028233

  
[MODEL]    M34          
  [submodel]     2 0.5 0.4 0.1 0.5 0.9     
  [indelrate]    0            
  [statefreq]    0.01088773 0.01360319 0.00769382 0.01211615 0.00770795 0.00963036 0.00544683 0.00857761 0.01013303 0.01266027 0 0 0.00574574 0.00717876 0 0.00639401 0.02075618 0.02593289 0.01466737 0.02309803 0.0146943 0.01835915 0.01038374 0.01635221 0.01931744 0.02413533 0.01365068 0.02149696 0.01095358 0.01368547 0.00774036 0.01218944 0.02050136 0.02561452 0.0144873 0.02281446 0.0145139 0.01813376 0.01025626 0.01615145 0.01908028 0.02383902 0.0134831 0.02123305 0.01081911 0.01351746 0.00764533 0.01203979 0.02721932 0.03400798 0.01923455 0.03029038 0.01926987 0.02407589 0.01361707 0.02144402 0.02533258 0.03165068 0.01790129 0.02819077 0.01436435 0.01794691 0.01015058 0.01598503


[MODEL]    M35          
  [submodel]     2 0.5 0.4 0.1 0.5 0.9     
  [indelrate]    0            
  [statefreq]    0.01210518 0.0062374 0.01261341 0.01201277 0.00930728 0.00479574 0.00969805 0.00923624 0.02318256 0.01194521 0 0 0.00850789 0.00438383 0 0.00844294 0.01254272 0.00646285 0.01306932 0.01244697 0.00964369 0.00496908 0.01004858 0.00957008 0.02402048 0.01237697 0.02502898 0.02383712 0.0088154 0.00454229 0.00918551 0.00874811 0.02318944 0.01194876 0.02416304 0.02301242 0.01782962 0.00918702 0.01857819 0.01769351 0.04440997 0.022883 0.04627451 0.04407096 0.01629824 0.00839795 0.01698252 0.01617382 0.01998084 0.01029547 0.02081973 0.01982831 0.01536263 0.00791586 0.01600762 0.01524535 0.03826519 0.0197168 0.03987174 0.03797309 0.01404314 0.00723597 0.01463273 0.01393594
  
[MODEL]    M36          
  [submodel]     2 0.5 0.4 0.1 0.5 0.9     
  [indelrate]    0            
  [statefreq]    0.01431042 0.00251944 0.01219409 0.00571073 0.01469718 0.00258753 0.01252366 0.00586507 0.01740456 0.00306418 0 0 0.02024086 0.00356353 0 0.00807734 0.02870972 0.00505453 0.02446391 0.01145693 0.02948565 0.00519114 0.0251251 0.01176658 0.03491722 0.0061474 0.02975341 0.0139341 0.04060744 0.0071492 0.03460211 0.01620485 0.01617699 0.00284806 0.01378462 0.00645561 0.01661421 0.00292504 0.01415718 0.00663008 0.01967472 0.00346386 0.01676508 0.00785141 0.02288097 0.00402834 0.01949716 0.0091309 0.03270952 0.00575872 0.0278722 0.0130531 0.03359356 0.00591436 0.0286255 0.01340588 0.03978185 0.00700385 0.03389862 0.01587539 0.04626482 0.00814521 0.03942284 0.01846249
  
[TREE] tree1 (A:0.1,B:0.5,(C:0.1,D:0.5):0.01)                                                          #LBATree - Short
[TREE] tree2 (A:0.4,B:2,(C:0.4,D:2):0.04)                                                              #LBATree - Long
[TREE] tree3 ((A:0.5,B:0.5):0.01,(C:0.5,D:0.5):0.01,((E:0.5,F:0.5):0.01,(G:0.5,H:0.5):0.01):0.1)       #Tree1 - Short
[TREE] tree4 ((((((A:0.5,B:0.5):0.01,C:0.5):0.01,D:0.5):0.01,E:0.5):0.1,F:0.5):0.01,G:0.5,H:0.5)       #Tree2 - Short
[TREE] tree5 ((A:2,B:2):0.04,(C:2,D:2):0.04,((E:2,F:2):0.04,(G:2,H:2):0.04):0.1)                       #Tree1 - Long
[TREE] tree6 ((((((A:2,B:2):0.04,C:2):0.04,D:2):0.04,E:2):0.1,F:2):0.04,G:2,H:2)                       #Tree2 - Long


[TREE] tree1 ((A:0.1,B:0.5):0.005,(C:0.1,D:0.5):0.005);

[PARTITIONS] model
  [tree1 M01 1000]
  [tree1 M02 1000]
  [tree1 M03 1000]
  [tree1 M05 1000]
  [tree1 M06 1000]

[EVOLVE] model 1000 output

