[TYPE] CODON 1

[MODEL]    M31
  [submodel]     2 0.5 0.4 0.1 0.5 0.9
  [indelrate]    0
  [statefreq]    0.00118376908695 0.00177565363042 0.00304258496834 0.00456387745251 0.0323294323905 0.0484941485857 0.0323294323905 0.0484941485857 0.000798983083554 0.00119847462533 0.0 0.0 0.00671373119742 0.0100705967961 0.0 0.00054048672312 0.00304258496834 0.00456387745251 0.00304258496834 0.00456387745251 0.00757397273285 0.0113609590993 0.00757397273285 0.0113609590993 0.000752329009125 0.00112849351369 0.00144655124524 0.00216982686785 0.00157151618809 0.00235727428213 0.00157151618809 0.00235727428213 0.00241703051945 0.00362554577917 0.00241703051945 0.00234373302175 0.0126464638612 0.0189696957918 0.0126464638612 0.0189696957918 0.00185019009747 0.0027752851462 0.00114660246593 0.0017199036989 0.0323294323905 0.0484941485857 0.00157151618809 0.00235727428213 0.0116144727956 0.0174217091934 0.0116144727956 0.0174217091934 0.0784494158718 0.117674123808 0.0784494158718 0.117674123808 0.00134261659514 0.00201392489271 0.00188018990422 0.00282028485633 0.023474127763 0.0352111916445 0.023474127763 0.0352111916445


[MODEL]    M32
  [submodel]     2 0.5 0.4 0.1 0.5 0.9
  [indelrate]    0
  [statefreq]    0.00391360508205 0.00587040762308 0.0245116982116 0.0367675473174 0.0114684049436 0.0172026074153 0.0114684049436 0.0172026074153 0.00297476390449 0.00446214585674 0.0 0.0 0.0032408890065 0.00486133350975 0.0 0.00146646107297 0.0245116982116 0.0367675473174 0.0245116982116 0.0367675473174 0.00483438509692 0.00725157764538 0.00483438509692 0.00725157764538 0.00344013995004 0.00516020992507 0.00954282919484 0.0143142437923 0.00906597545644 0.0135989631847 0.00906597545644 0.0135989631847 0.0230853699556 0.0346280549333 0.0230853699556 0.0142205289846 0.0234245741217 0.0351368611826 0.0234245741217 0.0351368611826 0.00461830229569 0.00692745344354 0.0094488096974 0.0141732145461 0.0114684049436 0.0172026074153 0.00906597545644 0.0135989631847 0.0347913187947 0.0521869781921 0.0347913187947 0.0521869781921 0.0222557172831 0.0333835759246 0.0222557172831 0.0333835759246 0.003376882983 0.0050653244745 0.00908769397969 0.0136315409695 0.00300577175886 0.00450865763828 0.00300577175886 0.00450865763828


[MODEL]    M33
  [submodel]     2 0.5 0.4 0.1 0.5 0.9
  [indelrate]    0
  [statefreq]    0.00272201724612 0.00408302586919 0.0275645684333 0.0413468526499 0.0010782305085 0.00161734576275 0.0010782305085 0.00161734576275 0.000809550783079 0.00121432617462 0.0 0.0 0.00169734034268 0.00254601051402 0.0 0.000385194530938 0.0275645684333 0.0413468526499 0.0275645684333 0.0413468526499 0.000642036474216 0.000963054711324 0.000642036474216 0.000963054711324 0.00027772691935 0.000416590379025 0.000357113968767 0.00053567095315 0.000424378162617 0.000636567243926 0.000424378162617 0.000636567243926 0.0758201615906 0.113730242386 0.0758201615906 0.00784868715956 0.00550733713816 0.00826100570724 0.00550733713816 0.00826100570724 0.00035780231573 0.000536703473594 0.00040664961072 0.00060997441608 0.0010782305085 0.00161734576275 0.000424378162617 0.000636567243926 0.083860113078 0.125790169617 0.083860113078 0.125790169617 0.0075859854684 0.0113789782026 0.0075859854684 0.0113789782026 0.000145970810817 0.000218956216226 0.000424553618957 0.000636830428435 0.000483509924955 0.000725264887432 0.000483509924955 0.000725264887432


[MODEL]    M34
  [submodel]     2 0.5 0.4 0.1 0.5 0.9
  [indelrate]    0
  [statefreq]    0.000703678388109 0.00105551758216 0.00146195611744 0.00219293417617 0.0225475344216 0.0338213016323 0.0225475344216 0.0338213016323 0.00195875062378 0.00293812593567 0.0 0.0 0.00105385074654 0.00158077611981 0.0 0.000454659788507 0.00146195611744 0.00219293417617 0.00146195611744 0.00219293417617 0.00303613821032 0.00455420731548 0.00303613821032 0.00455420731548 0.0104591567293 0.0156887350939 0.0106624628069 0.0159936942103 0.0075638064479 0.0113457096719 0.0075638064479 0.0113457096719 0.000715321042242 0.00107298156336 0.000715321042242 0.00094888886737 0.00848846009988 0.0127326901498 0.00848846009988 0.0127326901498 0.0612545817667 0.0918818726501 0.0135930063991 0.0203895095986 0.0225475344216 0.0338213016323 0.0075638064479 0.0113457096719 0.00124661978861 0.00186992968291 0.00124661978861 0.00186992968291 0.0114489376216 0.0171734064324 0.0114489376216 0.0171734064324 0.065407072281 0.0981106084214 0.0252579579578 0.0378869369367 0.0324632054889 0.0486948082334 0.0324632054889 0.0486948082334


[MODEL]    M35
  [submodel]     2 0.5 0.4 0.1 0.5 0.9
  [indelrate]    0
  [statefreq]    0.0142241065955 0.0213361598932 0.086180647184 0.129270970776 0.00100168796238 0.00150253194357 0.00100168796238 0.00150253194357 0.00280735607834 0.00421103411751 0.0 0.0 0.00136584116338 0.00204876174506 0.0 0.00200055934405 0.086180647184 0.129270970776 0.086180647184 0.129270970776 0.000947090501373 0.00142063575206 0.000947090501373 0.00142063575206 0.000777881015679 0.00116682152352 0.00162038148435 0.00243057222653 0.001209618615 0.0018144279225 0.001209618615 0.0018144279225 0.0316634480772 0.0474951721158 0.0316634480772 0.0349958074591 0.00255660119839 0.00383490179759 0.00255660119839 0.00383490179759 0.000482892454253 0.000724338681379 0.000845127020869 0.0012676905313 0.00100168796238 0.00150253194357 0.001209618615 0.0018144279225 0.0187871741794 0.0281807612691 0.0187871741794 0.0281807612691 0.00359792749607 0.0053968912441 0.00359792749607 0.0053968912441 0.000189602996453 0.000284404494679 0.000482812811801 0.000724219217702 0.000561588157787 0.00084238223668 0.000561588157787 0.00084238223668


[MODEL]    M36
  [submodel]     2 0.5 0.4 0.1 0.5 0.9
  [indelrate]    0
  [statefreq]    0.000643604489353 0.00096540673403 0.00389314515097 0.00583971772646 0.0155772751123 0.0233659126684 0.0155772751123 0.0233659126684 0.00112140804263 0.00168211206394 0.0 0.0 0.000410537508138 0.000615806262207 0.0 0.000429178985102 0.00389314515097 0.00583971772646 0.00389314515097 0.00583971772646 0.00827398598253 0.0124109789738 0.00827398598253 0.0124109789738 0.00453307577109 0.00679961365663 0.0242965916578 0.0364448874867 0.00974645337918 0.0146196800688 0.00974645337918 0.0146196800688 0.00189108962548 0.00283663443822 0.00189108962548 0.00203353514916 0.0118145878801 0.0177218818202 0.0118145878801 0.0177218818202 0.0112130611985 0.0168195917977 0.0187395726704 0.0281093590056 0.0155772751123 0.0233659126684 0.00974645337918 0.0146196800688 0.0050111447719 0.00751671715785 0.0050111447719 0.00751671715785 0.0306280335053 0.0459420502579 0.0306280335053 0.0459420502579 0.0452865321082 0.0679297981623 0.0730162441501 0.109524366225 0.00900031803373 0.0135004770506 0.00900031803373 0.0135004770506


[MODEL]    M37
  [submodel]     2 0.5 0.4 0.1 0.5 0.9
  [indelrate]    0
  [statefreq]    0.0164320239853 0.0246480359779 0.0172153190011 0.0258229785016 0.0144567203615 0.0216850805422 0.0144567203615 0.0216850805422 0.0292467847676 0.0438701771514 0.0 0.0 0.00377402889804 0.00566104334706 0.0 0.00765300373772 0.0172153190011 0.0258229785016 0.0172153190011 0.0258229785016 0.00383065763434 0.00574598645151 0.00383065763434 0.00574598645151 0.0408577011126 0.061286551669 0.0193945631651 0.0290918447476 0.0175975201882 0.0263962802824 0.0175975201882 0.0263962802824 0.00493477465411 0.00740216198116 0.00493477465411 0.00818354916613 0.00974651998579 0.0146197799787 0.00974651998579 0.0146197799787 0.0188230684163 0.0282346026245 0.0115720972686 0.0173581459029 0.0144567203615 0.0216850805422 0.0175975201882 0.0263962802824 0.0070441272436 0.0105661908654 0.0070441272436 0.0105661908654 0.013762610229 0.0206439153436 0.013762610229 0.0206439153436 0.00784022165476 0.0117603324821 0.0102269893512 0.0153404840268 0.00600635343258 0.00900953014887 0.00600635343258 0.00900953014887


[MODEL]    M38
  [submodel]     2 0.5 0.4 0.1 0.5 0.9
  [indelrate]    0
  [statefreq]    0.122508041647 0.18376206247 0.0226994688961 0.0340492033442 0.00318262236125 0.00477393354188 0.00318262236125 0.00477393354188 0.119953616326 0.179930424488 0.0 0.0 0.00353468612549 0.00530202918824 0.0 0.0256474944618 0.0226994688961 0.0340492033442 0.0226994688961 0.0340492033442 0.00104556469322 0.00156834703983 0.00104556469322 0.00156834703983 0.0123074610658 0.0184611915986 0.00134902770491 0.00202354155736 0.00171096332085 0.00256644498128 0.00171096332085 0.00256644498128 0.00628096375632 0.00942144563448 0.00628096375632 0.00722441997637 0.00247345483675 0.00371018225512 0.00247345483675 0.00371018225512 0.00214787724112 0.00322181586167 0.000895735525654 0.00134360328848 0.00318262236125 0.00477393354188 0.00171096332085 0.00256644498128 0.00692374484732 0.010385617271 0.00692374484732 0.010385617271 0.00391206335212 0.00586809502818 0.00391206335212 0.00586809502818 0.000729563499396 0.00109434524909 0.000813740881951 0.00122061132293 0.00116465787782 0.00174698681672 0.00116465787782 0.00174698681672


[MODEL]    M39
  [submodel]     2 0.5 0.4 0.1 0.5 0.9
  [indelrate]    0
  [statefreq]    0.000904302817869 0.0013564542268 0.00705377847103 0.0105806677065 0.0111509854572 0.0167264781858 0.0111509854572 0.0167264781858 0.00151220387111 0.00226830580666 0.0 0.0 0.00121544049467 0.001823160742 0.0 0.000870453489599 0.00705377847103 0.0105806677065 0.00705377847103 0.0105806677065 0.00324131890789 0.00486197836183 0.00324131890789 0.00486197836183 0.00767656836213 0.0115148525432 0.0253440251884 0.0380160377827 0.0470543600572 0.0705815400858 0.0470543600572 0.0705815400858 0.00297654086714 0.00446481130071 0.00297654086714 0.00429409380539 0.0106945998227 0.0160418997341 0.0106945998227 0.0160418997341 0.00989260711403 0.0148389106711 0.0524101567268 0.0786152350902 0.0111509854572 0.0167264781858 0.0470543600572 0.0705815400858 0.00454813795524 0.00682220693285 0.00454813795524 0.00682220693285 0.0144754571953 0.0217131857929 0.0144754571953 0.0217131857929 0.00545125639518 0.00817688459276 0.0158392111778 0.0237588167668 0.00591242600067 0.00886863900101 0.00591242600067 0.00886863900101


[MODEL]    M310
  [submodel]     2 0.5 0.4 0.1 0.5 0.9
  [indelrate]    0
  [statefreq]    0.000922204038564 0.00138330605785 0.00275346865509 0.00413020298263 0.0516575325665 0.0774862988498 0.0516575325665 0.0774862988498 0.00115831206874 0.0017374681031 0.0 0.0 0.00195002315651 0.00292503473476 0.0 0.00052086901047 0.00275346865509 0.00413020298263 0.00275346865509 0.00413020298263 0.00750375012109 0.0112556251816 0.00750375012109 0.0112556251816 0.00326951255547 0.00490426883321 0.00672023681025 0.0100803552154 0.00641124402203 0.00961686603304 0.00641124402203 0.00961686603304 0.00183921384586 0.00275882076879 0.00183921384586 0.00244097857993 0.0365238783209 0.0547858174813 0.0365238783209 0.0547858174813 0.0148526034037 0.0222789051055 0.00837053712741 0.0125558056911 0.0516575325665 0.0774862988498 0.00641124402203 0.00961686603304 0.00387373895158 0.00581060842737 0.00387373895158 0.00581060842737 0.0226666584844 0.0339999877266 0.0226666584844 0.0339999877266 0.00823529729541 0.0123529459431 0.00722052264248 0.0108307839637 0.00996916249716 0.0149537437457 0.00996916249716 0.0149537437457


[TREE] tree1 ((A:0.1,B:0.5):0.005,(C:0.1,D:0.5):0.005);

[PARTITIONS] modelname
  [tree1 M31 502]
  [tree1 M32 526]
  [tree1 M33 515]
  [tree1 M34 479]
  [tree1 M35 469]
  [tree1 M36 514]
  [tree1 M37 493]
  [tree1 M38 509]
  [tree1 M39 492]
  [tree1 M310 501]

[EVOLVE] modelname 1 output
